File VAD VPI VDI VCI VSD VBC
../../Results-8-patients/Patient1/sim_0.cco 0.18707099531689717 0.03847793196284463 9.723547278868217 3406.3287142378576 0.01923896598142232 1.1822348864070893
../../Results-8-patients/Patient1/sim_10.cco 0.19211740908624705 0.04077729001857461 9.422764926199607 3725.113988019031 0.020388645009287307 1.1835045695830022
../../Results-8-patients/Patient1/sim_11.cco 0.1904701759377389 0.04047763291606747 9.411132134761385 3702.3101684558483 0.020238816458033736 1.1835929069656508
../../Results-8-patients/Patient1/sim_12.cco 0.1953460028653034 0.04257161744209454 9.17728827808861 3993.0554411697153 0.02128580872104727 1.1826170090564976
../../Results-8-patients/Patient1/sim_13.cco 0.19696702631674926 0.04281935373350969 9.199906544250632 4006.417977515594 0.021409676866754844 1.1838617616739926
../../Results-8-patients/Patient1/sim_14.cco 0.18737638381003197 0.03840907641256988 9.756880472591138 3388.616669360456 0.01920453820628494 1.1840776286571
../../Results-8-patients/Patient1/sim_15.cco 0.19589370148996205 0.04281383894138477 9.150952417892478 4027.3320397434013 0.021406919470692384 1.1828618424880064
../../Results-8-patients/Patient1/sim_16.cco 0.19108546818494435 0.04024981134195595 9.494974600577022 3648.9642218776985 0.02012490567097798 1.1835953908837202
../../Results-8-patients/Patient1/sim_17.cco 0.19483407772777175 0.0428014487716017 9.104087983911521 4046.8917413680533 0.02140072438580085 1.1835633427943
../../Results-8-patients/Patient1/sim_18.cco 0.19940483780103294 0.04481518445258222 8.8989854772111 4334.9516066977485 0.022407592226291115 1.1840910072514943
../../Results-8-patients/Patient1/sim_19.cco 0.19248468688997908 0.04091703110968065 9.408536331681146 3743.5325299841 0.020458515554840326 1.1829167560139546
../../Results-8-patients/Patient1/sim_1.cco 0.1917259531419568 0.04042522526727397 9.485461212614073 3668.5425405347883 0.020212612633636984 1.1828641488744
../../Results-8-patients/Patient1/sim_20.cco 0.18721545284378674 0.03836532958755906 9.759616552570742 3383.808226398943 0.019182664793779534 1.1845690282998405
../../Results-8-patients/Patient1/sim_21.cco 0.2033103536005905 0.045298102457453436 8.976550564852078 4343.8027057001955 0.02264905122872672 1.1836056934378296
../../Results-8-patients/Patient1/sim_22.cco 0.1839330021712498 0.03593932048850987 10.235752911914675 3022.3839291160707 0.017969660244254934 1.1853743403714692
../../Results-8-patients/Patient1/sim_23.cco 0.1816258864216794 0.03595270425350446 10.103600838536396 3063.0560600485674 0.017976352126752235 1.1839301075731032
../../Results-8-patients/Patient1/sim_24.cco 0.18316882354883302 0.03621115773352871 10.116706286870965 3081.078986378649 0.018105578866764355 1.1817242425753818
../../Results-8-patients/Patient1/sim_25.cco 0.20169236605047672 0.046084925741422984 8.753073279629374 4532.083377358854 0.023042462870711492 1.1832888628590517
../../Results-8-patients/Patient1/sim_26.cco 0.18940906823297005 0.03873332248898341 9.780161166749485 3409.088718734083 0.01936666124449171 1.1853731005380284
../../Results-8-patients/Patient1/sim_27.cco 0.19335115825304605 0.040842339243127995 9.46817257954091 3713.1629321373402 0.020421169621564 1.1831330673349048
../../Results-8-patients/Patient1/sim_28.cco 0.20263666738870464 0.046575120076152665 8.701498441974321 4607.437999751402 0.023287560038076333 1.1846702677779735
../../Results-8-patients/Patient1/sim_29.cco 0.19678773273895028 0.04284996813982311 9.184965183489288 4015.8044098063483 0.021424984069911553 1.1854256161828745
../../Results-8-patients/Patient1/sim_2.cco 0.19234485548117633 0.04088411517080781 9.409270797598914 3740.229047484528 0.020442057585403905 1.1850851812824328
../../Results-8-patients/Patient1/sim_30.cco 0.1923001190515933 0.04054490493061751 9.485784681486711 3679.2778628118467 0.020272452465308757 1.1831198618566752
../../Results-8-patients/Patient1/sim_31.cco 0.19940190439435762 0.044826697534653695 8.896569025197902 4337.243007127322 0.02241334876732685 1.1828758484109603
../../Results-8-patients/Patient1/sim_32.cco 0.20108504205589425 0.0448124565518682 8.974515459698054 4298.206783784482 0.022406228275934102 1.1843956692776105
../../Results-8-patients/Patient1/sim_33.cco 0.20058897029713366 0.04470804889346121 8.973282228224049 4288.781818803417 0.022354024446730607 1.183145000400316
../../Results-8-patients/Patient1/sim_34.cco 0.20841592047301905 0.049042446315256366 8.499409639285632 4966.871537568597 0.024521223157628183 1.1849336092521547
../../Results-8-patients/Patient1/sim_35.cco 0.18688157886780793 0.03835132915830363 9.745768033040665 3387.379955119839 0.01917566457915182 1.1823072119078177
../../Results-8-patients/Patient1/sim_36.cco 0.1938436071021039 0.04248049322999446 9.126240886734127 4006.7955813144167 0.021240246614997235 1.185680396113477
../../Results-8-patients/Patient1/sim_37.cco 0.19271531130357947 0.04101107168489576 9.398208990210605 3756.259461645945 0.02050553584244788 1.1846274105333416
../../Results-8-patients/Patient1/sim_38.cco 0.19563226779865847 0.04298427796947963 9.102503382169841 4064.8858141807273 0.02149213898473982 1.1846997408684616
../../Results-8-patients/Patient1/sim_39.cco 0.1904664587940464 0.04035626933893007 9.439250055272629 3680.2140929489337 0.020178134669465036 1.182824475655174
../../Results-8-patients/Patient1/sim_3.cco 0.19911072352616938 0.04490681648955552 8.86772829120402 4359.126316344713 0.02245340824477776 1.185094150772227
../../Results-8-patients/Patient1/sim_40.cco 0.19580631474596183 0.042734240438339836 9.163907570955232 4014.1616025348894 0.021367120219169918 1.1813891181133889
../../Results-8-patients/Patient1/sim_41.cco 0.19892673151209017 0.04466934394110163 8.90663322812098 4317.134395716661 0.022334671970550817 1.1829702101760309
../../Results-8-patients/Patient1/sim_42.cco 0.20051888945582325 0.04495108155896113 8.921649157331531 4337.051391881199 0.022475540779480566 1.1844296236511598
../../Results-8-patients/Patient1/sim_43.cco 0.19950894938148755 0.04472509535594856 8.921566194266473 4315.287511288637 0.02236254767797428 1.1828054117350129
../../Results-8-patients/Patient1/sim_44.cco 0.1908041931619523 0.04075253553307347 9.36404033104157 3746.1996812660327 0.020376267766536733 1.1839927886464339
../../Results-8-patients/Patient1/sim_45.cco 0.1921213216367223 0.040636723915656606 9.455551684504833 3699.400738211695 0.020318361957828303 1.1846357744329263
../../Results-8-patients/Patient1/sim_46.cco 0.19209413081182658 0.040682952398079196 9.443470519651672 3708.34726912278 0.0203414761990396 1.1849737907627247
../../Results-8-patients/Patient1/sim_47.cco 0.19943224080451682 0.044548914745110184 8.953405125381066 4283.003763765902 0.022274457372555095 1.1846285653994268
../../Results-8-patients/Patient1/sim_48.cco 0.19461460306485887 0.04251693996068643 9.154685320477462 3997.773110585149 0.02125846998034322 1.1845296027790453
../../Results-8-patients/Patient1/sim_49.cco 0.19893571470125254 0.044827654513892874 8.875579900777494 4347.592606450674 0.022413827256946437 1.1857603275099424
../../Results-8-patients/Patient1/sim_4.cco 0.20419577510347564 0.0471356116952098 8.664182674613606 4682.967140914673 0.023567805847604904 1.1840128575567568
../../Results-8-patients/Patient1/sim_5.cco 0.19513429497943616 0.04272943135946644 9.133484288047066 4027.07938297289 0.02136471567973322 1.1828277420890085
../../Results-8-patients/Patient1/sim_6.cco 0.20103267961845553 0.04508199972028524 8.918534264929612 4351.202046981573 0.02254099986014262 1.1839129559512045
../../Results-8-patients/Patient1/sim_7.cco 0.20544097301944111 0.046959428657452125 8.749722000156366 4619.852533551488 0.023479714328726066 1.1843439882346505
../../Results-8-patients/Patient1/sim_8.cco 0.19697315185769335 0.04277128863401315 9.210531557426762 3997.3042337344286 0.021385644317006576 1.1849489885868307
../../Results-8-patients/Patient1/sim_9.cco 0.19251743723647355 0.04097545218395362 9.396720571731247 3753.591489350839 0.020487726091976813 1.1849065740367943
../../Results-8-patients/Patient2/sim_0.cco 0.19773316073878772 0.04291636426397326 9.214814168439595 4008.99860176315 0.02145818213198663 1.1842234772494964
../../Results-8-patients/Patient2/sim_10.cco 0.1963729175079949 0.04143663879277876 9.478226189630863 3763.197524689388 0.02071831939638938 1.1869224762996609
../../Results-8-patients/Patient2/sim_11.cco 0.1889587008566734 0.03876895576021407 9.747938635509435 3423.5043200761584 0.019384477880107037 1.1866325081583466
../../Results-8-patients/Patient2/sim_12.cco 0.19231747754981826 0.04088035005869902 9.408797981116829 3740.0725400906945 0.02044017502934951 1.1844372356004007
../../Results-8-patients/Patient2/sim_13.cco 0.20554383045662988 0.04714121388867266 8.720345256362569 4653.359920204836 0.02357060694433633 1.1846549530093176
../../Results-8-patients/Patient2/sim_14.cco 0.18576672338777625 0.0365784639382132 10.157163718059106 3099.9349075031546 0.0182892319691066 1.1824910948954759
../../Results-8-patients/Patient2/sim_15.cco 0.1934229930934895 0.04081340761288578 9.478404495312036 3706.527114561842 0.02040670380644289 1.184418686186935
../../Results-8-patients/Patient2/sim_16.cco 0.1983053752740048 0.04321516234908003 9.177583259882226 4053.287217234338 0.02160758117454002 1.1846090220976242
../../Results-8-patients/Patient2/sim_17.cco 0.18942646353512846 0.038439844842124184 9.855735074536307 3357.3155994906447 0.019219922421062092 1.182469789746864
../../Results-8-patients/Patient2/sim_18.cco 0.20609151876022128 0.0471428575308509 8.743276481505275 4641.317248808635 0.02357142876542545 1.1848246439364647
../../Results-8-patients/Patient2/sim_19.cco 0.18521279118634223 0.03612496303299086 10.254005852805884 3032.5880110091434 0.01806248151649543 1.1831326308488028
../../Results-8-patients/Patient2/sim_1.cco 0.18815211937580986 0.0385828599289876 9.753145294159479 3405.2522269836672 0.019291429964493803 1.186153522706991
../../Results-8-patients/Patient2/sim_20.cco 0.18969522865659885 0.03874945441279589 9.790859331116543 3406.782004191113 0.019374727206397945 1.1833638527023518
../../Results-8-patients/Patient2/sim_21.cco 0.19367070082002102 0.041026456685721475 9.441258956561299 3740.5344913235535 0.02051322834286074 1.1816819461828516
../../Results-8-patients/Patient2/sim_22.cco 0.19392983965705685 0.04126125305079325 9.400094535099365 3778.415854519622 0.020630626525396625 1.18346937223167
../../Results-8-patients/Patient2/sim_23.cco 0.19287493007653495 0.040594559087759004 9.502501537684886 3677.3032326961747 0.020297279543879502 1.1832405908641397
../../Results-8-patients/Patient2/sim_24.cco 0.2088815001432479 0.04952626655387479 8.435180548730687 5054.06439782161 0.024763133276937396 1.1849648251827083
../../Results-8-patients/Patient2/sim_25.cco 0.20734720817693797 0.04915068063060429 8.437205976261929 5014.532472366732 0.02457534031530215 1.1840424143281332
../../Results-8-patients/Patient2/sim_26.cco 0.19769762352694675 0.04299791095814307 9.195685051741158 4024.9716978427628 0.021498955479071536 1.1826348814394299
../../Results-8-patients/Patient2/sim_27.cco 0.20922330972312786 0.04913763011964168 8.515807913963497 4966.92855935962 0.024568815059820844 1.1851066125667113
../../Results-8-patients/Patient2/sim_28.cco 0.18680440638982623 0.03844116510420341 9.718977345429096 3404.6740113347196 0.019220582552101708 1.1831784702710761
../../Results-8-patients/Patient2/sim_29.cco 0.18857205026096086 0.03848631267619618 9.799434507925351 3380.686135179713 0.01924315633809809 1.1824283835071256
../../Results-8-patients/Patient2/sim_2.cco 0.19720616103399877 0.04314088295744324 9.142425815833894 4061.880550840045 0.02157044147872162 1.1850331703880845
../../Results-8-patients/Patient2/sim_30.cco 0.20150409301424235 0.045258712916944596 8.904543679093464 4375.121256001078 0.022629356458472298 1.183193718082313
../../Results-8-patients/Patient2/sim_31.cco 0.192835510609134 0.04068692575979277 9.478991445438526 3694.8116856867205 0.020343462879896385 1.1842372351272403
../../Results-8-patients/Patient2/sim_32.cco 0.21629786065034656 0.05307307638421509 8.150944900366753 5604.874185179744 0.026536538192107544 1.1851790316612216
../../Results-8-patients/Patient2/sim_33.cco 0.20288101393772573 0.045305101043444616 8.95621063699543 4354.3403072507035 0.02265255052172231 1.1855243538993054
../../Results-8-patients/Patient2/sim_34.cco 0.1885586536946184 0.03871109602283955 9.741840095840676 3420.534965654178 0.019355548011419775 1.1844084472569754
../../Results-8-patients/Patient2/sim_35.cco 0.19381624078761844 0.04094375703759996 9.467438008174518 3722.6721022887687 0.020471878518799985 1.1838402243926638
../../Results-8-patients/Patient2/sim_36.cco 0.1882518079868663 0.03840450215637155 9.803632252300094 3372.055322385443 0.019202251078185774 1.1823594849931267
../../Results-8-patients/Patient2/sim_37.cco 0.1890892119940308 0.038590420791285183 9.799800474667666 3389.704532125902 0.019295210395642595 1.184626892078122
../../Results-8-patients/Patient2/sim_38.cco 0.19417412325274305 0.04086405606148775 9.50341899299331 3701.358553653846 0.020432028030743874 1.183866436912984
../../Results-8-patients/Patient2/sim_39.cco 0.18909613630384686 0.03856813368077608 9.805822489051373 3385.666372637414 0.01928406684038804 1.1860872550074073
../../Results-8-patients/Patient2/sim_3.cco 0.19308010255057392 0.04087510386712624 9.447320460798066 3724.343978459761 0.02043755193356312 1.184638096206452
../../Results-8-patients/Patient2/sim_40.cco 0.18627004055096816 0.03616122012768773 10.302198869022448 3021.431203495573 0.018080610063843865 1.1834640031988928
../../Results-8-patients/Patient2/sim_41.cco 0.19323843024830567 0.040865680392241345 9.4572476656962 3719.5768406810384 0.020432840196120673 1.1829959099716492
../../Results-8-patients/Patient2/sim_42.cco 0.18413823708097632 0.0360351663644353 10.219918799248862 3035.1394498047225 0.018017583182217654 1.1834760035909373
../../Results-8-patients/Patient2/sim_43.cco 0.18823681790452268 0.038567303370165375 9.76147158113925 3400.975811315107 0.01928365168508269 1.1832644781304855
../../Results-8-patients/Patient2/sim_44.cco 0.1841908191179289 0.036289279703832465 10.151252415102453 3077.218145035113 0.018144639851916233 1.1835996628970908
../../Results-8-patients/Patient2/sim_45.cco 0.19459778767693822 0.04076529537295433 9.547228145735149 3675.469777183144 0.020382647686477167 1.1830092855741017
../../Results-8-patients/Patient2/sim_46.cco 0.1980914106688372 0.043335413821301016 9.142241561864013 4080.278614923458 0.021667706910650508 1.1848080090687692
../../Results-8-patients/Patient2/sim_47.cco 0.1998315255829219 0.04515757966910841 8.850409036409163 4392.045972785682 0.02257878983455421 1.1840810940788895
../../Results-8-patients/Patient2/sim_48.cco 0.18290415498340493 0.036400269983255074 10.0496043060969 3117.8499184528014 0.018200134991627537 1.1869321068214869
../../Results-8-patients/Patient2/sim_49.cco 0.20334387567953446 0.045392184953154634 8.959422239285823 4361.146209838986 0.022696092476577317 1.1828574261035931
../../Results-8-patients/Patient2/sim_4.cco 0.20458548700338608 0.04742321494163035 8.628073286688593 4731.25908299104 0.023711607470815178 1.1856251362901493
../../Results-8-patients/Patient2/sim_5.cco 0.20879666863813628 0.04903000100907375 8.517098280275183 4955.298340065195 0.02451500050453688 1.183969863683103
../../Results-8-patients/Patient2/sim_6.cco 0.19109390147269015 0.040774911587554814 9.373111750953015 3744.6290009414793 0.02038745579377741 1.182943270535591
../../Results-8-patients/Patient2/sim_7.cco 0.19336370412830714 0.040476779614071944 9.554302786533114 3646.754395361986 0.020238389807035972 1.1829979272526607
../../Results-8-patients/Patient2/sim_8.cco 0.1867932332928113 0.0383339249068884 9.74558351363836 3385.906831493423 0.0191669624534442 1.1853165874924814
../../Results-8-patients/Patient2/sim_9.cco 0.1891782880159412 0.03862666763491346 9.79521660030278 3394.476153928256 0.01931333381745673 1.1842740817416826
../../Results-8-patients/Patient3/sim_0.cco 0.20494220530024834 0.047338505193187254 8.658583724343822 4706.166008745364 0.02366925259659363 1.182374463189411
../../Results-8-patients/Patient3/sim_10.cco 0.19176641458471969 0.04072993673583674 9.416484775238633 3723.269650661529 0.020364968367918374 1.1801038814620033
../../Results-8-patients/Patient3/sim_11.cco 0.1812940518631894 0.03588883911432875 10.10308810968517 3057.770126394784 0.017944419557164373 1.1810974571985264
../../Results-8-patients/Patient3/sim_12.cco 0.1801931863622034 0.0359652740492098 10.020398349566445 3089.5693673825494 0.0179826370246049 1.180816473405148
../../Results-8-patients/Patient3/sim_13.cco 0.20008595926732603 0.044893051979310615 8.913894264062845 4335.220746254871 0.022446525989655308 1.1809178908930122
../../Results-8-patients/Patient3/sim_14.cco 0.1816280206678362 0.035963580958976185 10.100663828500286 3064.873647156939 0.017981790479488093 1.1824549332584888
../../Results-8-patients/Patient3/sim_15.cco 0.19110766440969362 0.04101160190354408 9.319687870723175 3787.9560282575717 0.02050580095177204 1.1823940072937915
../../Results-8-patients/Patient3/sim_16.cco 0.19245873022999607 0.04087004290567887 9.418083101804333 3735.44321513076 0.020435021452839434 1.1815731617941845
../../Results-8-patients/Patient3/sim_17.cco 0.2025362909809897 0.04677308411072968 8.660377857551975 4648.991259052526 0.023386542055364844 1.1830850373070854
../../Results-8-patients/Patient3/sim_18.cco 0.18839252496655864 0.03865201607597278 9.74813446192624 3413.109360042453 0.01932600803798639 1.1822991932032993
../../Results-8-patients/Patient3/sim_19.cco 0.19575265721388174 0.043245308150294724 9.053128100443315 4111.8749060030095 0.021622654075147362 1.1827533269031707
../../Results-8-patients/Patient3/sim_1.cco 0.1950052675669062 0.04311971079797416 9.044831885842235 4103.693379326904 0.02155985539898708 1.1810332358872184
../../Results-8-patients/Patient3/sim_20.cco 0.1922000547889161 0.04115208815262865 9.340962435542366 3792.2749297642367 0.020576044076314325 1.18249852338552
../../Results-8-patients/Patient3/sim_21.cco 0.19542337602363102 0.04312816816505978 9.06244732100414 4096.520009272031 0.021564084082529893 1.1810424332273843
../../Results-8-patients/Patient3/sim_22.cco 0.19509696943819152 0.04313409239533308 9.04606813794001 4104.501067543013 0.02156704619766654 1.1820604494472302
../../Results-8-patients/Patient3/sim_23.cco 0.19477914381914446 0.043121707657231216 9.033925343004421 4108.837986090002 0.02156085382861561 1.1840604879984205
../../Results-8-patients/Patient3/sim_24.cco 0.18763430669143805 0.03859296940210422 9.723755886024545 3416.439316543954 0.01929648470105211 1.1824869412028887
../../Results-8-patients/Patient3/sim_25.cco 0.19901434467026383 0.04521808278378418 8.802422943134292 4421.9056929270155 0.02260904139189209 1.1821361387271268
../../Results-8-patients/Patient3/sim_26.cco 0.18813595684321927 0.03887614839492529 9.67873437111263 3457.516199407501 0.019438074197462647 1.181681828099447
../../Results-8-patients/Patient3/sim_27.cco 0.18459081630879576 0.038528488848267935 9.582042889652243 3461.173966669652 0.019264244424133967 1.181190336678593
../../Results-8-patients/Patient3/sim_28.cco 0.21173860553943968 0.0527007184835412 8.03551115173381 5645.502334370259 0.0263503592417706 1.1824961955390056
../../Results-8-patients/Patient3/sim_29.cco 0.18222555699376816 0.036065843649857016 10.105159816190275 3072.2211354922397 0.018032921824928508 1.179972371385029
../../Results-8-patients/Patient3/sim_2.cco 0.1913034210016132 0.04109723254742458 9.309795776679447 3799.8984189158105 0.02054861627371229 1.1830589704161827
../../Results-8-patients/Patient3/sim_30.cco 0.18722958631779044 0.03853776807597382 9.716680319871342 3414.036874196456 0.01926888403798691 1.1819031001647353
../../Results-8-patients/Patient3/sim_31.cco 0.19458021197995895 0.042355251914514294 9.188008720745218 3968.125816128158 0.021177625957257147 1.1798360458442188
../../Results-8-patients/Patient3/sim_32.cco 0.19122858078616786 0.04097534996394062 9.333835145005668 3778.871367177524 0.02048767498197031 1.1817123366905842
../../Results-8-patients/Patient3/sim_33.cco 0.20102742246021252 0.04503022427928589 8.92855523940555 4341.326842613418 0.022515112139642943 1.1819070247319756
../../Results-8-patients/Patient3/sim_34.cco 0.19467507866644085 0.04294297830176301 9.06667801652912 4077.0264777198513 0.021471489150881505 1.183510664174378
../../Results-8-patients/Patient3/sim_35.cco 0.18573869409274327 0.03840792828797342 9.67189340180596 3418.290311666042 0.019203964143986712 1.1814968891732396
../../Results-8-patients/Patient3/sim_36.cco 0.18750219445061864 0.03819036680524951 9.819345040951283 3347.8876250458006 0.019095183402624755 1.1812475041830537
../../Results-8-patients/Patient3/sim_37.cco 0.19043347011719564 0.04089715593103889 9.312797713283832 3780.180183594089 0.020448577965519445 1.1823779719709204
../../Results-8-patients/Patient3/sim_38.cco 0.19180714510544136 0.04123447253763628 9.303242326205176 3815.2734775861736 0.02061723626881814 1.1838623683997709
../../Results-8-patients/Patient3/sim_39.cco 0.21062717972457826 0.05136896861514259 8.200560976904232 5392.086458042428 0.0256844843075713 1.1828727201064515
../../Results-8-patients/Patient3/sim_3.cco 0.1917971886993291 0.04089638826660403 9.379663917948012 3753.1614006733357 0.020448194133302015 1.1814429667469049
../../Results-8-patients/Patient3/sim_40.cco 0.20050451462722002 0.04549058760843617 8.81520882311209 4442.101781931913 0.022745293804218084 1.1824748405408245
../../Results-8-patients/Patient3/sim_41.cco 0.19546050397129303 0.0430294629293719 9.084961357389927 4077.015893270821 0.02151473146468595 1.1807178184482117
../../Results-8-patients/Patient3/sim_42.cco 0.19724343955776832 0.043325620418837786 9.105163995390024 4095.96824919271 0.021662810209418893 1.1819271449189677
../../Results-8-patients/Patient3/sim_43.cco 0.1988090842341367 0.04494647797992238 8.84648111128729 4373.4551255718925 0.02247323898996119 1.1824151310016193
../../Results-8-patients/Patient3/sim_44.cco 0.18064203842877194 0.03560813006153801 10.146112032088523 3020.9885378735394 0.01780406503076901 1.1818216471275496
../../Results-8-patients/Patient3/sim_45.cco 0.19726224309768609 0.043000606221820274 9.17485870222858 4034.3610016707257 0.02150030311091014 1.1816572783072967
../../Results-8-patients/Patient3/sim_46.cco 0.19250951698611926 0.040927527149019 9.407336841299173 3744.9702658799642 0.0204637635745095 1.1816731521978483
../../Results-8-patients/Patient3/sim_47.cco 0.1915221545451023 0.04094421289874084 9.355273479979006 3767.34681582967 0.020472106449370423 1.1807224033422172
../../Results-8-patients/Patient3/sim_48.cco 0.1998118859561286 0.045119728676498085 8.856963098725654 4385.117223667847 0.022559864338249042 1.1819880408707193
../../Results-8-patients/Patient3/sim_49.cco 0.19092742517017697 0.041201417781617504 9.268002678071019 3826.7101960628024 0.020600708890808752 1.182698098511416
../../Results-8-patients/Patient3/sim_4.cco 0.1996270869878452 0.045227845593462566 8.82761866582034 4410.236709585058 0.022613922796731287 1.1827285879350362
../../Results-8-patients/Patient3/sim_5.cco 0.19148094298921417 0.04098270900278656 9.344474664971255 3775.246684437912 0.02049135450139328 1.1818982585667615
../../Results-8-patients/Patient3/sim_6.cco 0.19053564094837244 0.04066544101851627 9.370887720687229 3735.461938501967 0.020332720509258138 1.1818987214321668
../../Results-8-patients/Patient3/sim_7.cco 0.19908667812759198 0.04501563518961444 8.845223544619593 4380.807123828802 0.022507817594807224 1.1820347817192973
../../Results-8-patients/Patient3/sim_8.cco 0.19549913060599342 0.0430855061782801 9.074937163186759 4086.835303232702 0.021542753089140054 1.181846553931133
../../Results-8-patients/Patient3/sim_9.cco 0.19612433790166206 0.043277485576939674 9.063573601242977 4110.192077980369 0.021638742788469837 1.1826250582488051
../../Results-8-patients/Patient4/sim_0.cco 0.20389286853100577 0.04605607570141737 8.854113835179882 4477.559774933146 0.023028037850708685 1.1809125090557557
../../Results-8-patients/Patient4/sim_10.cco 0.20177410298463866 0.044268804564551685 9.115859575128875 4180.22570326819 0.022134402282275846 1.1833360920631253
../../Results-8-patients/Patient4/sim_11.cco 0.19092772361596733 0.03980389409308815 9.593419335779082 3571.5085747831026 0.019901947046544077 1.1818075704148319
../../Results-8-patients/Patient4/sim_12.cco 0.19910855094501545 0.043909929460327214 9.068953350285419 4167.783345075321 0.021954964730163607 1.1803139312031452
../../Results-8-patients/Patient4/sim_13.cco 0.19281521614503727 0.03995304719073483 9.652090626506777 3563.100569582115 0.019976523595367415 1.1814779941438678
../../Results-8-patients/Patient4/sim_14.cco 0.19681825896060182 0.04201934246126891 9.367983763287963 3861.02564377652 0.021009671230634457 1.1815501079609165
../../Results-8-patients/Patient4/sim_15.cco 0.18228176669800125 0.03545980456040603 10.28103617364743 2968.9235441150076 0.017729902280203016 1.1832008290551672
../../Results-8-patients/Patient4/sim_16.cco 0.19241750073822242 0.03985091166557052 9.656868196792743 3552.2336222691883 0.01992545583278526 1.1802083602289932
../../Results-8-patients/Patient4/sim_17.cco 0.19264555340099157 0.039849261849306795 9.668713770884708 3547.7347405541545 0.019924630924653398 1.1836801637581158
../../Results-8-patients/Patient4/sim_18.cco 0.1864859569776483 0.037654050972049984 9.905226777117498 3272.2527887089295 0.018827025486024992 1.1826707653484883
../../Results-8-patients/Patient4/sim_19.cco 0.19434894997853178 0.04015818480204043 9.679170058934385 3571.3755165513567 0.020079092401020213 1.1806618405974159
../../Results-8-patients/Patient4/sim_1.cco 0.20061884974193692 0.044192743745631216 9.079266537360882 4189.862429983657 0.022096371872815608 1.1816528983573544
../../Results-8-patients/Patient4/sim_20.cco 0.2034906750221125 0.04595041764303053 8.856967377443484 4465.84845277145 0.02297520882151527 1.180793631051925
../../Results-8-patients/Patient4/sim_21.cco 0.19845267635797162 0.04219311069493359 9.406875818795752 3860.9635130195916 0.021096555347466798 1.1823957732276715
../../Results-8-patients/Patient4/sim_22.cco 0.19273287319153967 0.04006418209569233 9.621205930584175 3584.481424712711 0.020032091047846166 1.1826517796854468
../../Results-8-patients/Patient4/sim_23.cco 0.19647082876683092 0.04193128976694295 9.371084450720671 3851.6599056821833 0.020965644883471475 1.1820062477128255
../../Results-8-patients/Patient4/sim_24.cco 0.19221284760948773 0.040024540287953235 9.604749797330754 3587.070065556315 0.020012270143976617 1.182006550417196
../../Results-8-patients/Patient4/sim_25.cco 0.19343028707163254 0.04029130592721268 9.601589356327617 3612.1666565159385 0.02014565296360634 1.1808177995949962
../../Results-8-patients/Patient4/sim_26.cco 0.1982444783766732 0.04243785061431923 9.342814280503747 3909.9862232532537 0.021218925307159617 1.1794166192885944
../../Results-8-patients/Patient4/sim_27.cco 0.1923864304457182 0.040277684313576124 9.553003541510545 3629.310442477387 0.020138842156788062 1.1828715755273322
../../Results-8-patients/Patient4/sim_28.cco 0.2064221125030216 0.048272546883905275 8.552360537324187 4858.629418642973 0.02413627344195264 1.1796043407388979
../../Results-8-patients/Patient4/sim_29.cco 0.18468315322418993 0.03571486327877894 10.342089330294314 2972.625990199331 0.01785743163938947 1.1822118742493595
../../Results-8-patients/Patient4/sim_2.cco 0.18224530707945857 0.035345903922871943 10.312103347371444 2950.471331458934 0.017672951961435972 1.1814053464077912
../../Results-8-patients/Patient4/sim_30.cco 0.20262050453693958 0.04441210182851019 9.124562729290513 4189.756940351475 0.022206050914255097 1.1830118087759427
../../Results-8-patients/Patient4/sim_31.cco 0.20745503521174372 0.04804800009788171 8.635324458421726 4789.566626089655 0.024024000048940855 1.182666770351369
../../Results-8-patients/Patient4/sim_32.cco 0.18850149269849137 0.03780193684658268 9.973112936700332 3262.7430895047114 0.01890096842329134 1.1822008296491977
../../Results-8-patients/Patient4/sim_33.cco 0.1892316621994527 0.037764445593040985 10.021683582418232 3243.709779593663 0.018882222796520493 1.1813766327266781
../../Results-8-patients/Patient4/sim_34.cco 0.19574117730319757 0.041954611249902754 9.331092410188942 3870.3191086314905 0.020977305624951377 1.1810027065014304
../../Results-8-patients/Patient4/sim_35.cco 0.19256613440907608 0.04020978962037428 9.578072217095258 3613.7096627030955 0.02010489481018714 1.1832676117661662
../../Results-8-patients/Patient4/sim_36.cco 0.20121986711314768 0.04406931714514886 9.131971183052375 4154.0464854616 0.022034658572574434 1.1815941279047963
../../Results-8-patients/Patient4/sim_37.cco 0.18552632702398333 0.037575395642889226 9.874883489568386 3275.4512892418757 0.018787697821444613 1.1839287782356571
../../Results-8-patients/Patient4/sim_38.cco 0.18746279799999915 0.03787310919281939 9.89951984378095 3293.1870035107377 0.018936554596409697 1.1814566251898893
../../Results-8-patients/Patient4/sim_39.cco 0.19195778884689468 0.039810649185060276 9.643539745085624 3553.549326508988 0.019905324592530138 1.1818723762968384
../../Results-8-patients/Patient4/sim_3.cco 0.18292735502929125 0.03536600089386825 10.344814251305815 2942.814043751652 0.01768300044693413 1.1798840549081242
../../Results-8-patients/Patient4/sim_40.cco 0.21185626670521804 0.05001619959766321 8.471505968442917 5082.175189156105 0.025008099798831604 1.1815099684795247
../../Results-8-patients/Patient4/sim_41.cco 0.19094266114067865 0.039724167166894975 9.613425516938465 3556.93720690689 0.01986208358344749 1.1825057543594657
../../Results-8-patients/Patient4/sim_42.cco 0.19632124564388687 0.041954815436611906 9.358699048050966 3858.9210783426424 0.020977407718305953 1.1823564432171851
../../Results-8-patients/Patient4/sim_43.cco 0.21038460157144645 0.050013334411549516 8.413140377333553 5117.13928210372 0.025006667205774758 1.1816694612485585
../../Results-8-patients/Patient4/sim_44.cco 0.18712741019983373 0.03755889044970378 9.964480204782491 3244.5738874941903 0.01877944522485189 1.1809638109402434
../../Results-8-patients/Patient4/sim_45.cco 0.20205381864997435 0.044511062942997115 9.0788134585208 4220.25250287503 0.022255531471498557 1.1799005394523567
../../Results-8-patients/Patient4/sim_46.cco 0.1896089970513115 0.03755603675471463 10.097391175202146 3201.6226041514574 0.018778018377357316 1.1811683743647738
../../Results-8-patients/Patient4/sim_47.cco 0.18710080394174386 0.037682346121725614 9.93042223737081 3266.4031279403853 0.018841173060862807 1.1804839354329157
../../Results-8-patients/Patient4/sim_48.cco 0.20960193958962595 0.04846393525305903 8.649810977799039 4822.937368042794 0.024231967626529516 1.1811549388711684
../../Results-8-patients/Patient4/sim_49.cco 0.19784383501247219 0.042380660947994246 9.336514843657037 3907.3516376058496 0.021190330473997123 1.1830811107631716
../../Results-8-patients/Patient4/sim_4.cco 0.18475883374687543 0.03526802488089656 10.477413145239826 2897.5212687799176 0.01763401244044828 1.1824413536551852
../../Results-8-patients/Patient4/sim_5.cco 0.20076781695780507 0.044106743974904605 9.103724231924073 4170.4744834308285 0.022053371987452303 1.1821640939427935
../../Results-8-patients/Patient4/sim_6.cco 0.19233505303832604 0.04007848073878128 9.597921352952694 3594.459765654871 0.020039240369390643 1.1805286612499717
../../Results-8-patients/Patient4/sim_7.cco 0.2022049017103432 0.04430557552768688 9.127740664783097 4178.252226110411 0.02215278776384344 1.1807647001575112
../../Results-8-patients/Patient4/sim_8.cco 0.1882794390503535 0.03775755892406356 9.973072646407749 3258.925928722695 0.01887877946203178 1.1838402229102234
../../Results-8-patients/Patient4/sim_9.cco 0.2007842783461656 0.04451064462662628 9.021854436413008 4246.8569413312125 0.022255322313313144 1.183555127446438
../../Results-8-patients/Patient5/sim_0.cco 0.19601887753152208 0.04283449105712178 9.15238503803497 4028.6440031125926 0.021417245528560894 1.1818579166681238
../../Results-8-patients/Patient5/sim_10.cco 0.19114735226111376 0.04034629393052319 9.47533632656679 3665.291985956867 0.020173146965261596 1.1823354480091515
../../Results-8-patients/Patient5/sim_11.cco 0.18798470074132925 0.03805704923694161 9.879100167274888 3316.0211095440895 0.019028524618470804 1.1824719253307943
../../Results-8-patients/Patient5/sim_12.cco 0.18707324952042423 0.03816341574609345 9.803800098243238 3350.8296876414533 0.019081707873046725 1.182038530438239
../../Results-8-patients/Patient5/sim_13.cco 0.18333792679232344 0.03587068786774157 10.222158407907134 3020.6239502353505 0.017935343933870786 1.1815893318305979
../../Results-8-patients/Patient5/sim_14.cco 0.19567538809739046 0.04268200366842803 9.168987923691688 4007.0333905731545 0.021341001834214016 1.1831988107498788
../../Results-8-patients/Patient5/sim_15.cco 0.1905540063294272 0.040154528248167 9.491034493133448 3641.837299398676 0.0200772641240835 1.18417931917395
../../Results-8-patients/Patient5/sim_16.cco 0.19201638199011614 0.04042724140959452 9.499356141799241 3663.3591729950945 0.02021362070479726 1.1833486271530274
../../Results-8-patients/Patient5/sim_17.cco 0.19635625345917104 0.042170275204999115 9.312543136350879 3897.9628989233415 0.021085137602499558 1.1823707515606383
../../Results-8-patients/Patient5/sim_18.cco 0.18604481342774262 0.03818450692462013 9.744518309219648 3373.077924602222 0.019092253462310065 1.1824842151060628
../../Results-8-patients/Patient5/sim_19.cco 0.19745374226045548 0.04288789807382662 9.207900182963566 4009.3477165036056 0.02144394903691331 1.182471333788364
../../Results-8-patients/Patient5/sim_1.cco 0.18163426670731306 0.03583948384204509 10.135986751808565 3043.6539635254467 0.017919741921022546 1.181584396846181
../../Results-8-patients/Patient5/sim_20.cco 0.19187516047183528 0.040309425661079076 9.52011383566306 3644.7188438679286 0.020154712830539538 1.1812154427934825
../../Results-8-patients/Patient5/sim_21.cco 0.1970375620721154 0.042677611446713226 9.233767092056416 3978.5127349169993 0.021338805723356613 1.182065241586444
../../Results-8-patients/Patient5/sim_22.cco 0.19904318135028753 0.04485552217652745 8.874857395125602 4350.6495001178755 0.022427761088263724 1.1824344836551415
../../Results-8-patients/Patient5/sim_23.cco 0.20448093830569367 0.04658274844257225 8.779256061190987 4567.378004914552 0.023291374221286125 1.1822870465471977
../../Results-8-patients/Patient5/sim_24.cco 0.20002632789998154 0.044892867700510715 8.911274246697587 4336.477550514367 0.022446433850255357 1.18181349864775
../../Results-8-patients/Patient5/sim_25.cco 0.19118208742542267 0.04041422117198301 9.461129368884578 3676.976009125401 0.02020711058599151 1.1838767859531547
../../Results-8-patients/Patient5/sim_26.cco 0.20658841926453378 0.048713300835935634 8.481807462003651 4943.775173028921 0.024356650417967817 1.1843859735724427
../../Results-8-patients/Patient5/sim_27.cco 0.19547945074723452 0.04302177844206823 9.087464899223585 4075.164799962022 0.021510889221034116 1.1816540112073626
../../Results-8-patients/Patient5/sim_28.cco 0.18775068344715914 0.03842501752575166 9.772314785352146 3384.6688898145158 0.01921250876287583 1.1817871843330257
../../Results-8-patients/Patient5/sim_29.cco 0.18296423277369875 0.035893772395353636 10.194761963631498 3030.690432822855 0.017946886197676818 1.1813165563133217
../../Results-8-patients/Patient5/sim_2.cco 0.18423827805929846 0.03574140214047166 10.309515968914766 2984.2339969545656 0.01787070107023583 1.179466630985321
../../Results-8-patients/Patient5/sim_30.cco 0.20667985429779134 0.048748474237077725 8.479438896595955 4948.726766075523 0.024374237118538866 1.1816337197768412
../../Results-8-patients/Patient5/sim_31.cco 0.1880740938237548 0.03807223465153045 9.879855781787924 3317.09054722833 0.019036117325765226 1.1823564602897285
../../Results-8-patients/Patient5/sim_32.cco 0.1912032772567649 0.04037405940886478 9.471590424954053 3669.264940541857 0.020187029704432393 1.1825734145470228
../../Results-8-patients/Patient5/sim_33.cco 0.19057078074922926 0.040296807689305755 9.458356216132934 3667.3684113039744 0.02014840384465288 1.1818007810621938
../../Results-8-patients/Patient5/sim_34.cco 0.19132071598024414 0.040071718438410134 9.548914967263125 3612.297449849067 0.02003585921920507 1.1837803144737156
../../Results-8-patients/Patient5/sim_35.cco 0.20542472599834316 0.04858235075724592 8.456763528170963 4945.08660263502 0.02429117537862296 1.183071093968931
../../Results-8-patients/Patient5/sim_36.cco 0.19603402260615307 0.04267630515868359 9.187019442158286 3998.63478601886 0.021338152579341796 1.1816150965380108
../../Results-8-patients/Patient5/sim_37.cco 0.1869028518236962 0.03829732065867552 9.760622863905596 3377.4616142878067 0.019148660329337763 1.1834334439487415
../../Results-8-patients/Patient5/sim_38.cco 0.19420473576665798 0.04264803848698 9.107323227817226 4030.954299404053 0.021324019243490002 1.1821791508683241
../../Results-8-patients/Patient5/sim_39.cco 0.19320875800563184 0.040749794031690496 9.482686359365465 3699.0789006872637 0.02037489701584525 1.1822790336523714
../../Results-8-patients/Patient5/sim_3.cco 0.18166104777313175 0.035440984681251106 10.251467300186698 2975.906707699867 0.017720492340625556 1.1809435533885997
../../Results-8-patients/Patient5/sim_40.cco 0.19508313489482082 0.04261236563305602 9.156174833132827 4006.093962556399 0.02130618281652801 1.1825524756299821
../../Results-8-patients/Patient5/sim_41.cco 0.1868543527628938 0.03821798682845541 9.778346180378625 3364.3561303965403 0.019108993414227705 1.1836364503085322
../../Results-8-patients/Patient5/sim_42.cco 0.19709607362249756 0.0429257615005382 9.183113670331808 4023.71870090174 0.0214628807502691 1.1821030400604704
../../Results-8-patients/Patient5/sim_43.cco 0.18701638819202251 0.03810158525086877 9.816724787730887 3340.996286446829 0.019050792625434385 1.1817270380799771
../../Results-8-patients/Patient5/sim_44.cco 0.2101562605967323 0.050416323697780055 8.336833992756436 5205.585498451439 0.02520816184889003 1.1821080453714325
../../Results-8-patients/Patient5/sim_45.cco 0.19272024957097666 0.040477824749626315 9.522263153370456 3659.1191366286203 0.020238912374813157 1.1807069050731767
../../Results-8-patients/Patient5/sim_46.cco 0.18924597242339877 0.0385204414243601 9.825742666786821 3374.6243253188973 0.01926022071218005 1.1826303862816803
../../Results-8-patients/Patient5/sim_47.cco 0.18875274702558004 0.03842787029747209 9.823742276864966 3367.2000500272406 0.019213935148736046 1.1831160965112038
../../Results-8-patients/Patient5/sim_48.cco 0.18701609997565463 0.03840857598699651 9.73824700186595 3395.0563217778677 0.019204287993498256 1.1805742025621868
../../Results-8-patients/Patient5/sim_49.cco 0.1866741412024259 0.03792387066955419 9.844677661148681 3315.970966463656 0.018961935334777094 1.18241036442299
../../Results-8-patients/Patient5/sim_4.cco 0.19041186611202537 0.040268899180560695 9.457018691186093 3665.3468124114647 0.020134449590280348 1.1824951356206637
../../Results-8-patients/Patient5/sim_5.cco 0.19415113587896823 0.04050606110186251 9.586275762075566 3637.2207408875975 0.020253030550931254 1.1828823325025617
../../Results-8-patients/Patient5/sim_6.cco 0.19556478461494217 0.04248418348181804 9.206474908415649 3972.2215692573454 0.021242091740909023 1.1820558632731437
../../Results-8-patients/Patient5/sim_7.cco 0.18807211070759391 0.03851353895787353 9.766545261566794 3394.470380620817 0.019256769478936765 1.183507939363055
../../Results-8-patients/Patient5/sim_8.cco 0.1988029181552732 0.04464511878710187 8.905919552070184 4315.138886142165 0.022322559393550937 1.1829262734248698
../../Results-8-patients/Patient5/sim_9.cco 0.1949873465706102 0.04239830270212798 9.197884544601063 3967.8941733444954 0.02119915135106399 1.1810979150436185
../../Results-8-patients/Patient6/sim_0.cco 0.1903773034196445 0.04008850405474654 9.497850214598046 3633.2400884689114 0.020044252027373272 1.180814745179116
../../Results-8-patients/Patient6/sim_10.cco 0.18860402294527462 0.03810991957193075 9.89789666647252 3314.3218509293906 0.01905495978596538 1.179203793426423
../../Results-8-patients/Patient6/sim_11.cco 0.200075814955203 0.04448430158349297 8.995344777063835 4256.85175334033 0.022242150791746487 1.1811767030771996
../../Results-8-patients/Patient6/sim_12.cco 0.19134375569357318 0.04049314200678769 9.450674667898038 3688.231958725328 0.020246571003393846 1.1805907553644912
../../Results-8-patients/Patient6/sim_13.cco 0.1930294348351981 0.040653335417565294 9.496363968787412 3685.007660720017 0.020326667708782647 1.181911166421349
../../Results-8-patients/Patient6/sim_14.cco 0.1987765162009427 0.04460122475380088 8.913500348844261 4307.229990916907 0.02230061237690044 1.1818202657588532
../../Results-8-patients/Patient6/sim_15.cco 0.20095372016189414 0.04442500501581082 9.046874393840808 4226.963407766206 0.02221250250790541 1.1815904451129042
../../Results-8-patients/Patient6/sim_16.cco 0.1970364686499539 0.042518769611003454 9.268211213664221 3948.9745021491717 0.021259384805501727 1.181541837692106
../../Results-8-patients/Patient6/sim_17.cco 0.18752944095690866 0.03819190380682365 9.820376690590807 3347.6706471860202 0.019095951903411824 1.1811955230589395
../../Results-8-patients/Patient6/sim_18.cco 0.18332091421996255 0.03558831906761759 10.302308118102118 2973.531232418543 0.017794159533808796 1.1799887808884997
../../Results-8-patients/Patient6/sim_19.cco 0.21042388133073434 0.05035985702486126 8.356810116710774 5187.325704407121 0.02517992851243063 1.1815191855707645
../../Results-8-patients/Patient6/sim_1.cco 0.18541700901603914 0.037776961998603434 9.816406571968056 3312.638577154458 0.018888480999301717 1.1834487616444889
../../Results-8-patients/Patient6/sim_20.cco 0.1912060145365041 0.040310848440654974 9.486578523297256 3657.7321242271755 0.020155424220327487 1.1790174879624784
../../Results-8-patients/Patient6/sim_21.cco 0.19378484989959857 0.040629345805250155 9.539156787238133 3666.3118789092523 0.020314672902625078 1.1815067801337908
../../Results-8-patients/Patient6/sim_22.cco 0.19263203283950522 0.040496494571017616 9.51351641074472 3664.1726051650057 0.020248247285508808 1.1817899178710447
../../Results-8-patients/Patient6/sim_23.cco 0.19290242929996093 0.04012571228402299 9.614903677449218 3592.339555098276 0.020062856142011493 1.1803584162804215
../../Results-8-patients/Patient6/sim_24.cco 0.19759324368026787 0.04266957170350886 9.261552708016477 3965.829548992004 0.02133478585175443 1.182355513828031
../../Results-8-patients/Patient6/sim_25.cco 0.2077427197654825 0.04865547031564242 8.539336622081509 4904.639646339953 0.02432773515782121 1.1826112670695084
../../Results-8-patients/Patient6/sim_26.cco 0.19444496906297307 0.040843130511157934 9.521550705318862 3692.4183533554638 0.020421565255578967 1.1797302385273698
../../Results-8-patients/Patient6/sim_27.cco 0.20368543339625467 0.046808715606414926 8.70288495454212 4629.8086865986925 0.023404357803207463 1.1830447913140332
../../Results-8-patients/Patient6/sim_28.cco 0.18723969904522883 0.03801063614636284 9.851963451716417 3321.099668902366 0.01900531807318142 1.1814102349685522
../../Results-8-patients/Patient6/sim_29.cco 0.1870177467501249 0.03806399430942861 9.826490894771904 3334.3828768737408 0.01903199715471431 1.1804604002391212
../../Results-8-patients/Patient6/sim_2.cco 0.2079709491742075 0.048513965179019965 8.573652902077988 4870.80157796452 0.024256982589509982 1.1820182860770363
../../Results-8-patients/Patient6/sim_30.cco 0.19658989840148233 0.042510194407111665 9.249070776707349 3956.348605931535 0.021255097203555832 1.1810550907237356
../../Results-8-patients/Patient6/sim_31.cco 0.18366978192561212 0.035710268534342116 10.286664842577657 2988.2579898486697 0.017855134267171058 1.1793629141643887
../../Results-8-patients/Patient6/sim_32.cco 0.19298901468200538 0.040712293094649035 9.480626121124612 3696.477846477505 0.020356146547324518 1.1819741502907097
../../Results-8-patients/Patient6/sim_33.cco 0.18712404155529097 0.038126184044346215 9.816038307827446 3343.3870714153527 0.019063092022173107 1.1809551223987989
../../Results-8-patients/Patient6/sim_34.cco 0.19680751212029896 0.042844588251945696 9.187041824884913 4014.3925990549583 0.021422294125972848 1.181045937044768
../../Results-8-patients/Patient6/sim_35.cco 0.18773345649302914 0.03811007744207366 9.8521687224792 3329.718767285965 0.01905503872103683 1.182113008668607
../../Results-8-patients/Patient6/sim_36.cco 0.1977282320467455 0.042706712094838596 9.259819936859168 3970.024244546564 0.021353356047419298 1.181892960158103
../../Results-8-patients/Patient6/sim_37.cco 0.1858842980865728 0.03811370571582149 9.754197058272917 3363.4828265584765 0.019056852857910745 1.1812019138391232
../../Results-8-patients/Patient6/sim_38.cco 0.19760180303206595 0.042644663521772846 9.26736368461097 3961.029243965683 0.021322331760886427 1.1797230558473843
../../Results-8-patients/Patient6/sim_39.cco 0.1859641495365204 0.03814281558741832 9.75093981252197 3367.1761435940784 0.01907140779370916 1.1794625640230967
../../Results-8-patients/Patient6/sim_3.cco 0.19178501970949674 0.04028638887118001 9.521082682429027 3642.2652237770258 0.020143194435590005 1.1822079666387635
../../Results-8-patients/Patient6/sim_40.cco 0.1878194911578494 0.03810476164006881 9.858058839572903 3327.265115122493 0.019052380820034406 1.1807339722188046
../../Results-8-patients/Patient6/sim_41.cco 0.19179616444729725 0.040602097736134615 9.447598776484131 3699.3599832452683 0.020301048868067308 1.1807187687042673
../../Results-8-patients/Patient6/sim_42.cco 0.19125075029760122 0.04036208905088119 9.476751813143615 3666.1792291592456 0.0201810445254406 1.1811299442829382
../../Results-8-patients/Patient6/sim_43.cco 0.1908544331582469 0.04034114495204854 9.462023618075582 3669.9804915416776 0.02017057247602427 1.180875364386
../../Results-8-patients/Patient6/sim_44.cco 0.20395111355929216 0.046423114745273185 8.786619108966985 4547.91185368195 0.023211557372636592 1.1804557905125808
../../Results-8-patients/Patient6/sim_45.cco 0.19598060124789715 0.04249545817909733 9.223602222239181 3965.8977616174793 0.021247729089548664 1.1795846961168721
../../Results-8-patients/Patient6/sim_46.cco 0.1923276517715449 0.04014946061915407 9.580584585975298 3607.34159057262 0.02007473030957704 1.179990638432631
../../Results-8-patients/Patient6/sim_47.cco 0.20436196121818345 0.04672049149656797 8.748279595183439 4597.103816920897 0.023360245748283985 1.1808184537610216
../../Results-8-patients/Patient6/sim_48.cco 0.19725797528282804 0.04232530953894461 9.321041118497947 3908.7264934757 0.02116265476947231 1.179993628729579
../../Results-8-patients/Patient6/sim_49.cco 0.1910340049157661 0.04011925897556796 9.523306750610873 3626.308038780578 0.02005962948778398 1.1802202318349855
../../Results-8-patients/Patient6/sim_4.cco 0.19300417063722317 0.04049726100571864 9.531714779919016 3657.24602118564 0.02024863050285932 1.1806789850739223
../../Results-8-patients/Patient6/sim_5.cco 0.1968184559631051 0.042338124387487706 9.297457495366581 3919.8276881594475 0.021169062193743853 1.1806384927437183
../../Results-8-patients/Patient6/sim_6.cco 0.2015152336037918 0.044521752169418 9.052439483377416 4233.564501683365 0.022260876084709 1.1807579850655447
../../Results-8-patients/Patient6/sim_7.cco 0.18788047146734005 0.03812159163140878 9.85690593844688 3329.124032561571 0.019060795815704395 1.1825462320610367
../../Results-8-patients/Patient6/sim_8.cco 0.2006713300712921 0.04482647286132057 8.953250936878659 4309.762863388741 0.022413236430660285 1.180801070171813
../../Results-8-patients/Patient6/sim_9.cco 0.19679810271888865 0.042404234892094564 9.28200229150121 3932.4854425510343 0.021202117446047282 1.1809384944945727
../../Results-8-patients/Patient7/sim_0.cco 0.18759979708094265 0.03903475005303527 9.611937918191192 3495.747124459495 0.019517375026517635 1.1826971007854805
../../Results-8-patients/Patient7/sim_10.cco 0.19212597955742433 0.04086403378591058 9.403182297860523 3740.812513225204 0.020432016892955294 1.1813475735740948
../../Results-8-patients/Patient7/sim_11.cco 0.19149782997654108 0.04134005491806436 9.264517444695617 3841.0309726597425 0.02067002745903218 1.1842498896540392
../../Results-8-patients/Patient7/sim_12.cco 0.19586275774708206 0.043262581094103865 9.054603437600981 4112.847014388547 0.021631290547051932 1.1822751268782905
../../Results-8-patients/Patient7/sim_13.cco 0.19073989630619467 0.041015999327408376 9.300755775014622 3796.073564817636 0.02050799966370419 1.181089141932846
../../Results-8-patients/Patient7/sim_14.cco 0.1940953628861144 0.04310444179548929 9.005817256931776 4120.011787127752 0.021552220897744646 1.1813962074124154
../../Results-8-patients/Patient7/sim_15.cco 0.2030757040070728 0.047186113302903024 8.607435102928005 4718.8917251812 0.023593056651451515 1.183296052647785
../../Results-8-patients/Patient7/sim_16.cco 0.1959485527230785 0.0432200671923514 9.067480244813467 4102.970392083623 0.0216100335961757 1.1806329560664839
../../Results-8-patients/Patient7/sim_17.cco 0.19708285560386352 0.04485465070927944 8.787621907089845 4393.753411741297 0.022427325354639722 1.1811168944664598
../../Results-8-patients/Patient7/sim_18.cco 0.1866464395256834 0.038822771237702905 9.615307386630912 3475.5450618802743 0.019411385618851452 1.18188474043835
../../Results-8-patients/Patient7/sim_19.cco 0.1910638165225663 0.04075830321435975 9.375454886711362 3742.1682592149377 0.020379151607179877 1.1795208070145784
../../Results-8-patients/Patient7/sim_1.cco 0.1915751833084068 0.04143659504824241 9.24666629028597 3857.433431730201 0.02071829752412121 1.181764135824541
../../Results-8-patients/Patient7/sim_20.cco 0.18612192177846473 0.03850323468880508 9.667858988095885 3428.202541267707 0.019251617344402543 1.1809912439106038
../../Results-8-patients/Patient7/sim_21.cco 0.19310529783321076 0.04156701595144669 9.291275469895258 3850.9960675429547 0.020783507975723346 1.1815866472214003
../../Results-8-patients/Patient7/sim_22.cco 0.19586975720621747 0.04380149542411105 8.943519179411336 4215.800574142856 0.021900747712055524 1.1834265627407796
../../Results-8-patients/Patient7/sim_23.cco 0.2004870625311473 0.045627681840163574 8.787957417318072 4469.30531618395 0.022813840920081787 1.18385642139857
../../Results-8-patients/Patient7/sim_24.cco 0.19700303903542563 0.04337975053248981 9.082718854636 4111.220234725344 0.021689875266244905 1.1812306063119096
../../Results-8-patients/Patient7/sim_25.cco 0.18658825731063075 0.03868138208105043 9.64744521897723 3451.3517640675923 0.019340691040525215 1.1823711471228386
../../Results-8-patients/Patient7/sim_26.cco 0.1955903414933068 0.043505603780851346 8.991501070921553 4164.976576218743 0.021752801890425673 1.1818327127091555
../../Results-8-patients/Patient7/sim_27.cco 0.19546876554911743 0.043311925276841655 9.02609451321861 4130.5432675376605 0.02165596263842083 1.1822630268649332
../../Results-8-patients/Patient7/sim_28.cco 0.20387737860798516 0.047523424904749464 8.580079361561745 4767.777614108692 0.023761712452374732 1.1815806834859235
../../Results-8-patients/Patient7/sim_29.cco 0.1961645386048434 0.04360715820379814 8.996896229195585 4172.195376493815 0.02180357910189907 1.181389833738309
../../Results-8-patients/Patient7/sim_2.cco 0.18744524020991232 0.038583871977520945 9.716248297688649 3418.273173083093 0.019291935988760472 1.180266833001662
../../Results-8-patients/Patient7/sim_30.cco 0.18182572788884674 0.036591595709944615 9.938114168627598 3169.3991028226924 0.018295797854972307 1.1813641286253622
../../Results-8-patients/Patient7/sim_31.cco 0.18164996769142108 0.03650763941709981 9.951340080692159 3157.9245354452155 0.018253819708549904 1.1808686303492881
../../Results-8-patients/Patient7/sim_32.cco 0.1858996420562485 0.038909690342583056 9.555441866511003 3505.149638829837 0.01945484517129153 1.1817204986355834
../../Results-8-patients/Patient7/sim_33.cco 0.18113693551227408 0.036390420890214326 9.955198707854642 3146.5650097825114 0.018195210445107163 1.179955755865982
../../Results-8-patients/Patient7/sim_34.cco 0.18262193883091177 0.03667270464669396 9.95955660158134 3169.58570869397 0.01833635232334698 1.1834543184162463
../../Results-8-patients/Patient7/sim_35.cco 0.19793232005231298 0.04397621276616053 9.00179017710324 4205.217884601832 0.02198810638308027 1.1826045153842761
../../Results-8-patients/Patient7/sim_36.cco 0.18641408853837496 0.03896265703325567 9.568859145271617 3504.9995555884143 0.019481328516627833 1.1827516159067262
../../Results-8-patients/Patient7/sim_37.cco 0.20912825762597806 0.051405350437401603 8.136439333514208 5438.429423042041 0.025702675218700802 1.1837562449948162
../../Results-8-patients/Patient7/sim_38.cco 0.19683045497115473 0.04365232564698255 9.01809706831785 4166.698191360301 0.02182616282349128 1.1818913555818453
../../Results-8-patients/Patient7/sim_39.cco 0.19451410851135884 0.04314743455031636 9.016253714205247 4119.347387758902 0.02157371727515818 1.182673539794748
../../Results-8-patients/Patient7/sim_3.cco 0.19130427619409499 0.04102347963593615 9.326574824555564 3786.255169154736 0.020511739817968076 1.1807945334651404
../../Results-8-patients/Patient7/sim_40.cco 0.18262064979744044 0.03646977103745806 10.014905199699278 3134.6261873154363 0.01823488551872903 1.1817554808372068
../../Results-8-patients/Patient7/sim_41.cco 0.2010336427311827 0.045572838956975364 8.822520050636985 4446.44570004523 0.022786419478487682 1.1800783976436242
../../Results-8-patients/Patient7/sim_42.cco 0.20015633184719495 0.045807628159920594 8.738995660217213 4512.070170027413 0.022903814079960297 1.183457411184702
../../Results-8-patients/Patient7/sim_43.cco 0.1878873760310113 0.03904848998010591 9.623285106632014 3492.8541783163755 0.019524244990052956 1.1802306084582914
../../Results-8-patients/Patient7/sim_44.cco 0.19578365342764675 0.04343453206574318 9.015115122285907 4147.280726374641 0.02171726603287159 1.1801727986434625
../../Results-8-patients/Patient7/sim_45.cco 0.1914802443014578 0.041266791643214756 9.280112975923183 3827.780319952462 0.020633395821607378 1.1826446550166576
../../Results-8-patients/Patient7/sim_46.cco 0.19195712022415412 0.041385823748736415 9.276467294191042 3840.3300401969645 0.020692911874368208 1.1807410622318384
../../Results-8-patients/Patient7/sim_47.cco 0.20690010290492192 0.049310656764316126 8.391699339711334 5058.13521517852 0.024655328382158066 1.1817642621671849
../../Results-8-patients/Patient7/sim_48.cco 0.2001277586591971 0.04571588534326761 8.755283077490223 4494.656490218631 0.022857942671633807 1.1835483426686184
../../Results-8-patients/Patient7/sim_49.cco 0.19565756248678734 0.04317561137568382 9.06333720601257 4100.623732844768 0.02158780568784191 1.1822068708048095
../../Results-8-patients/Patient7/sim_4.cco 0.19108188359505351 0.04096189815623314 9.329737741461413 3779.289848041701 0.02048094907811657 1.1821834331955936
../../Results-8-patients/Patient7/sim_5.cco 0.1908486890648424 0.04096728089985131 9.317127467228858 3784.9022343191423 0.020483640449925657 1.182036426485347
../../Results-8-patients/Patient7/sim_6.cco 0.18725639472457573 0.03897623471813038 9.60874728299348 3491.6658396937914 0.01948811735906519 1.1811760675374672
../../Results-8-patients/Patient7/sim_7.cco 0.18836338457859575 0.038884926455578644 9.688246924873487 3454.901309303983 0.019442463227789326 1.1812340643578074
../../Results-8-patients/Patient7/sim_8.cco 0.19051447812849853 0.04093443132878302 9.308275304879508 3785.463867229294 0.02046721566439151 1.1806081058461013
../../Results-8-patients/Patient7/sim_9.cco 0.2006639852527024 0.04546742772496982 8.826713772615806 4434.053253057088 0.02273371386248491 1.1814743685994635
../../Results-8-patients/Patient8/sim_0.cco 0.18893607080202118 0.040471233777310905 9.336808056884248 3731.191820855966 0.020235616888655453 1.182856042941649
../../Results-8-patients/Patient8/sim_10.cco 0.19073580533342938 0.0406928541919493 9.374412737613508 3736.574493175251 0.020346427095974652 1.182610813956076
../../Results-8-patients/Patient8/sim_11.cco 0.1862063501545794 0.03824066760371439 9.738655824957032 3380.0724657433084 0.019120333801857195 1.1806027065688272
../../Results-8-patients/Patient8/sim_12.cco 0.18894829365902707 0.04012453907616557 9.418091672049362 3667.3022636217547 0.020062269538082784 1.1817861423387632
../../Results-8-patients/Patient8/sim_13.cco 0.18908440593685316 0.040314233574051596 9.380528372914823 3699.394697063392 0.020157116787025798 1.181585881024739
../../Results-8-patients/Patient8/sim_14.cco 0.20065891362729915 0.0465536058663344 8.62055301165864 4648.552732666086 0.0232768029331672 1.1825194376639434
../../Results-8-patients/Patient8/sim_15.cco 0.20389532036566396 0.04691229349478141 8.692617869486408 4645.533976110384 0.02345614674739071 1.184661365029323
../../Results-8-patients/Patient8/sim_16.cco 0.19414578480049566 0.0425498651926218 9.125565212561979 4013.6359579602845 0.0212749325963109 1.1822090739791924
../../Results-8-patients/Patient8/sim_17.cco 0.19004115544475056 0.04054201138000118 9.375023536128513 3722.480983924115 0.02027100569000059 1.1801195458369402
../../Results-8-patients/Patient8/sim_18.cco 0.20131486721734915 0.04681307627565944 8.600796325877145 4685.1994251464075 0.023406538137829724 1.1818501048467756
../../Results-8-patients/Patient8/sim_19.cco 0.2016388584610165 0.046924418597467724 8.594197413109683 4699.948923218075 0.023462209298733862 1.183326621442416
../../Results-8-patients/Patient8/sim_1.cco 0.19399640542740237 0.042389642928925754 9.153009651563897 3986.533347407527 0.021194821464462877 1.1808281155754043
../../Results-8-patients/Patient8/sim_20.cco 0.19529751108734145 0.04252648782780554 9.18474678078861 3985.58331947238 0.02126324391390277 1.1822200957026001
../../Results-8-patients/Patient8/sim_21.cco 0.19210969917037166 0.04099188312100798 9.373060447272652 3764.5755329546305 0.02049594156050399 1.1812886188241551
../../Results-8-patients/Patient8/sim_22.cco 0.20537031328786404 0.04869330574911952 8.43525861012538 4969.016295342288 0.02434665287455976 1.1803438485682802
../../Results-8-patients/Patient8/sim_23.cco 0.18591591788232265 0.03824300974499615 9.72287061724521 3385.7674143687823 0.019121504872498075 1.180057471229495
../../Results-8-patients/Patient8/sim_24.cco 0.19014183763594553 0.040595217866715 9.367696375481085 3730.2817358702887 0.0202976089333575 1.1810641396174892
../../Results-8-patients/Patient8/sim_25.cco 0.19635264286195783 0.04277760953550127 9.180159667360757 4011.1217148655746 0.021388804767750635 1.1827432819458985
../../Results-8-patients/Patient8/sim_26.cco 0.19026049988866006 0.04053321701085154 9.387880554248808 3716.5765466945877 0.02026660850542577 1.1816820569247621
../../Results-8-patients/Patient8/sim_27.cco 0.1827773675392522 0.035930277320696834 10.17400260553889 3039.962932188297 0.017965138660348417 1.1822104097366875
../../Results-8-patients/Patient8/sim_28.cco 0.19835017707388108 0.044836316317501054 8.847746352278214 4362.112118971711 0.022418158158750527 1.1798513375892177
../../Results-8-patients/Patient8/sim_29.cco 0.20084370135288954 0.04499223758675619 8.927926776951828 4337.969917556903 0.022496118793378095 1.181900701078549
../../Results-8-patients/Patient8/sim_2.cco 0.18195616073648135 0.036103894007129364 10.079586467905697 3083.2652914950922 0.018051947003564682 1.1823730046419703
../../Results-8-patients/Patient8/sim_30.cco 0.19692694654296666 0.04323726115516572 9.109131396470936 4085.8345133806542 0.02161863057758286 1.1819662690967607
../../Results-8-patients/Patient8/sim_31.cco 0.19863423814177394 0.04487051215262926 8.853664850809361 4362.520812784991 0.02243525607631463 1.182104452280129
../../Results-8-patients/Patient8/sim_32.cco 0.200924309196971 0.04527635669392483 8.87546277432393 4391.167760527207 0.02263817834696242 1.1817568266997154
../../Results-8-patients/Patient8/sim_33.cco 0.20297784772065205 0.04690556824920636 8.654744214684424 4665.194209907461 0.02345278412460318 1.1826605055432948
../../Results-8-patients/Patient8/sim_34.cco 0.20777587440764747 0.04869363128097366 8.534006149951395 4911.5523200623975 0.024346815640486835 1.181035240109486
../../Results-8-patients/Patient8/sim_35.cco 0.18457853777193522 0.03822789878264755 9.656745133777498 3407.60480042277 0.019113949391323774 1.1829056987097297
../../Results-8-patients/Patient8/sim_36.cco 0.19007284714351666 0.04056616001570507 9.37100514665083 3726.2954514736543 0.020283080007852537 1.1812861034182554
../../Results-8-patients/Patient8/sim_37.cco 0.1972530412038149 0.04288568525876161 9.199015476312848 4013.0130107973996 0.021442842629380805 1.1811141900368187
../../Results-8-patients/Patient8/sim_38.cco 0.1930412865599379 0.04095031519540036 9.428073295104737 3738.814016081704 0.02047515759770018 1.180120441164715
../../Results-8-patients/Patient8/sim_39.cco 0.19032205502731375 0.04044816309995149 9.410664932150754 3699.798365996478 0.020224081549975743 1.1827261467719976
../../Results-8-patients/Patient8/sim_3.cco 0.19042800780010108 0.040752943880246924 9.34548475122074 3753.6754208489433 0.020376471940123465 1.1823591964012545
../../Results-8-patients/Patient8/sim_40.cco 0.18990449388995445 0.040570415530539375 9.361722891253303 3730.3814034880115 0.020285207765269687 1.1800073781421447
../../Results-8-patients/Patient8/sim_41.cco 0.18063112866485442 0.03589289825627503 10.065006585712277 3069.6865253614014 0.017946449128137514 1.182209757817805
../../Results-8-patients/Patient8/sim_42.cco 0.18489827706351722 0.03828391684545953 9.659318706071536 3411.688973762531 0.01914195842272977 1.1829569290516242
../../Results-8-patients/Patient8/sim_43.cco 0.19113037348367642 0.04085660279371973 9.356155941240228 3758.9310894841574 0.020428301396859864 1.18099046476704
../../Results-8-patients/Patient8/sim_44.cco 0.2007172285265246 0.04670410446380347 8.595271479066003 4677.297714929964 0.023352052231901736 1.1829437148600064
../../Results-8-patients/Patient8/sim_45.cco 0.19740666385867398 0.044983048063698135 8.776935861666677 4411.695391477227 0.022491524031849067 1.1830608251528127
../../Results-8-patients/Patient8/sim_46.cco 0.1932817748455955 0.042560540006752336 9.082674929168233 4033.6008700675084 0.021280270003376168 1.1821847744359515
../../Results-8-patients/Patient8/sim_47.cco 0.20286539072733484 0.04698017409835853 8.636212811924121 4682.640851459309 0.023490087049179265 1.1811238887485809
../../Results-8-patients/Patient8/sim_48.cco 0.18598415021575718 0.03803273407666341 9.780214582567998 3347.4085932889716 0.019016367038331705 1.1819559384540903
../../Results-8-patients/Patient8/sim_49.cco 0.2018657825531645 0.04687373692133557 8.613172143366322 4684.529890958963 0.023436868460667785 1.1833894613351315
../../Results-8-patients/Patient8/sim_4.cco 0.18995570110053334 0.04067342577177694 9.34053119431816 3748.337960142519 0.02033671288588847 1.1812433073070365
../../Results-8-patients/Patient8/sim_5.cco 0.1913840792298819 0.04069096125917313 9.406712120212564 3723.5711744785335 0.020345480629586566 1.1794558590754791
../../Results-8-patients/Patient8/sim_6.cco 0.20084617724899634 0.0449898677272484 8.928507123720774 4337.459475086759 0.0224949338636242 1.1822635109768336
../../Results-8-patients/Patient8/sim_7.cco 0.19649840038061242 0.043019021374274685 9.13541936117209 4053.513292051623 0.021509510687137343 1.1830068941410905
../../Results-8-patients/Patient8/sim_8.cco 0.19424000813602316 0.04266477949362926 9.10540311898376 4033.386969299962 0.021332389746814635 1.1816576294592773
../../Results-8-patients/Patient8/sim_9.cco 0.20314558203093852 0.046829813406223414 8.675908241135192 4646.297783932426 0.02341490670311171 1.1812266762093717
